"","catcher","total_plays","caught_steals","expected_caught_steals","average_pop_time"
"1",348,4,3,3,1.87875
"2",408,6,NA,5,2.02983333333333
"3",418,2,2,0,1.825
"4",431,10,8,4,2.2099
"5",520,10,6,5,1.9414
"6",530,6,2,4,2.2
"7",544,22,NA,10,1.84513636363636
"8",598,16,6,10,1.8769375
"9",647,1,1,1,1.95
"10",652,1,0,1,1.75
"11",719,6,5,2,2.63333333333333
"12",737,4,2,2,2.16375
"13",786,20,12,10,2.33355
"14",920,16,5,9,2.096875
"15",936,3,2,3,1.9
"16",953,9,1,5,1.93566666666667
"17",2205,1,0,0,2.05
"18",2252,2,0,1,2
"19",2323,4,0,1,1.97675
"20",2384,2,1,1,1.8
"21",2409,1,1,0,1.95
"22",2497,3,3,2,1.73733333333333
"23",2693,1,0,1,1.9
"24",2712,1,0,1,1.9
"25",2738,1,1,0,1.9
"26",2765,2,2,0,2.15
"27",2771,1,1,1,1.8
"28",2832,1,1,0,1.848
"29",2866,1,1,0,2.05
"30",2964,1,0,1,2
"31",3009,3,2,1,2.002
"32",3042,2,2,0,2.079
"33",3125,2,1,1,1.775
"34",3208,5,3,3,1.82
"35",3272,1,1,1,1.85
"36",3305,1,1,0,1.95
"37",3449,2,2,0,1.925
"38",3476,1,1,0,2.013
"39",3536,1,1,0,2.013
"40",3566,1,0,1,1.65
"41",3748,1,1,0,1.8
"42",3995,1,1,1,1.8
"43",4040,1,0,1,1.95
"44",4070,1,0,0,2
"45",4134,2,0,2,1.825
"46",4185,1,0,1,1.9
"47",4215,1,1,0,1.914
"48",4222,4,2,3,1.9
"49",4254,1,0,0,1.881
"50",4294,1,0,1,1.98
"51",4371,1,1,0,2
"52",4453,1,0,1,2.05
"53",4482,1,0,0,3.25
"54",4741,1,1,0,1.85
"55",4819,2,0,2,1.9
"56",4829,1,0,0,1.98
"57",4942,1,1,0,2.75
"58",4979,3,2,1,1.91666666666667
"59",4995,2,0,1,1.775
"60",5004,1,1,1,1.55
"61",5133,1,0,1,2.75
"62",5154,1,1,0,2.15
"63",5180,3,2,1,1.97666666666667
"64",5205,3,1,3,2.06666666666667
"65",5239,3,1,1,1.8
"66",5278,1,1,0,2
"67",5321,1,0,1,2.6
"68",5390,2,2,1,2
"69",5444,1,1,1,1.55
"70",5492,1,0,1,2.55
"71",5493,2,2,1,2.575
"72",5585,2,0,2,2.64
"73",5669,1,1,0,1.5
"74",5807,2,0,1,1.7985
"75",5900,1,1,0,2
"76",6073,1,0,1,2
"77",6446,3,NA,2,1.85
"78",6687,2,1,1,2.025
"79",6688,1,1,0,1.881
"80",6789,2,2,1,1.775
"81",7045,1,1,0,2
"82",7086,4,2,2,2.425
"83",7145,4,2,3,1.8125
"84",7184,1,0,0,1.55
"85",7193,1,1,1,2
"86",7226,1,0,1,1.95
"87",7338,1,0,1,1.85
"88",7440,1,0,1,1.65
"89",7448,1,1,0,1.95
"90",7648,2,1,2,2
"91",7704,1,1,0,2.05
"92",7706,2,0,2,1.848
"93",7893,1,1,1,1.85
"94",7924,2,1,0,2.05
"95",8381,1,1,0,3.05
"96",8429,3,3,0,1.83333333333333
"97",8497,2,0,2,2.1
"98",8509,1,1,0,2.046
"99",8524,3,3,0,1.88333333333333
"100",8598,1,1,0,1.9
"101",8603,1,0,1,1.782
"102",8737,1,0,1,1.5
"103",8771,1,1,1,1.95
"104",8815,4,0,3,2.3375
"105",8856,1,1,1,1.5
"106",8904,1,1,1,1.55
"107",9072,1,1,1,1.9
"108",9119,3,2,1,2.255
"109",9213,1,1,1,1.9
"110",9244,2,0,2,1.675
"111",9556,1,0,0,2.013
"112",9561,1,1,1,1.55
"113",9712,2,2,0,1.8
"114",9834,2,0,1,1.8315
"115",659635,2,2,1,1.7
"116",670409,1,0,0,1.95
